  9 19  0 23  5  5 11  0 25 15 21  0 23 15 21 12  4 14 20  0  7  5 20  0 20
  5 14  0 20 15  0 15 14  5  0  6 18 15 13  0  1 14 25 15 14  5  0  2 21 20
  0 25 15 21 18  0 15 12  4  0  6 18  9  5 14  4  0  1 12 12  0 18  9  7  8
 20  0  9  4  1  0 19  1  9  4  0 16 21 20  0 13  5  0 15 14  0 20 23  5 14
 20 25  0 16 15 21 14  4 19  0  1 14  4  0 13 25  0 14  1 13  5 19  0 14 15
 20  0 20 21 18 14  5 18  0  9 20 19  0  1 18 14 15 12  4  0 20 23  5 14 20
 25  0 14  9  3 11  5 18  0 20  8  1 20 19  0  1  0  6  1 20  0  2  5 20  0
  6 15 18  0 25 15 21  0 13 18 19  0 23  8  1 20  5 22  5 18 25 15 21  1 18
  5  0  8  5  0 12  9  3 11  5  4  0  8  9 19  0 20  8 21 13  2  0  1 14  4
  0  2  5  7  1 14  0 20 15  0  3 15 13  2  0 20  8  5  0 14 15 20  5 19  0
  8  1 12  6 23  1 25  0 20  8 18 15 21  7  8  0  8  5  0 16  1 21 19  5  4
  0 19  1 20  0 19 20  9 12 12  0 12  9 11  5  0  1  0 12  1 18  7  5  0 20
 15  1  4  0 15 22  5 18  0  8  9 19  0  4  5 19 11  0 12  9 19 20  5 14  9
 14  7  0  1  0 12 15 20  0 15  6  0 14 15  9 19  5  0  3  1 13  5  0  9 14
  0 20  8 18 15 21  7  8  0 20  8  5  0 15 16  5 14  0 23  9 14  4 15 23  0
  6  5  5 20  0 15 14  0 19 20 15 14  5  0 22 15  9  3  5 19  0  4  9 19 20
  1 14 20  0 13 21 19  9  3  0  2  5 12 12 19  0 18  9 14  7  9 14  7  0 20
  8  5  0  3 15 14  0 20  9 14 21 15 21 19  0 23  8  9 19 16  5 18  0 15  6
  0 20  8  5  0  3  8  1 14 14  5 12  0  8  5  0 19  1 20  0 17 21  9 20  5
  0 19 20  9 12 12  0 23  9 20  8  0  8  1 12  6  0 20  8  5  0 14 15 20  5
 19  0  9 14  0  8  9 19  0  8  1 14  4  0  8  5  0 12 15 15 11  5  4  0 21
 14  5  1 19 25  0 20  8  5  0 20  5 12  5 16  8 15 14  5  0 18  1 14  7  0
  8  5  0 12  5 20  0  9 20  0 18  9 14  7  0  6 15 18  0 20 23 15  0 19  5
  3 15 14  4 19  0  8  9 19  0 22  5  9 14  5  4  0  5 25  5 19  0 15 14  0
  9  4  1  0 20  8  5 14  0  8  5  0 12  9  6 20  5  4  0 20  8  5  0 18  5
  3  5  9 22  5 18  0  8  5 12 12 15  0  8 21 12 12 15  0 20  8  9 19  0  9
 19  0 10  9 13  0 20  1 20  5  0  9 20  0 23  1 19  0  1 14  0 15 12  4  0
  6  1 19  8  9 15 14  5  4  0 20  5 12  5 16  8 15 14  5  0  8  5  0 19  3
 18  5 23  5  4  0 20  8  5  0 18  5  3  5  9 22  5 18  0  3 12 15 19  5  0
  9 14 20 15  0  8  9 19  0  5  1 18  0  1 14  4  0 19  1 20  0 19 20  9 12
 12  0 23  8  9 12  5  0  1  0 12 15 23  0 22 15  9  3  5  0  2 21 18 18  5
  4  0 12  9 11  5  0  1  0  2  5  5  0 15 14  5  0  8  1 14  4  0  8 15 12
  4  9 14  7  0 20  8  5  0 18  5  3  5  9 22  5 18  0 20 15  0  8  9 19  0
  5  1 18  0 10  9 13  0 20  1 20  5  0 19  8 21  6  6 12  5  4  0 20  8  5
  0 14 15 20  5 19  0 20 15  7  5 20  8  5 18  0 23 18 15 20  5  0 15 21 20
  0  1  0 19 12  9 16  0  8  5  0 19  1  9  4  0  8 15  1 18 19  5 12 25  0
 20  8  1 20 19  0  1 12 12  0 18  9  7  8 20  0 13 18  0  3 15 12 12  5 15
 14  9  0  9 12 12  0  4 15  0 20  8  1 20  0 13 18  0  3 15 12 12  5 15 14
  9  0  1 14  4  0 16 12  1 14 11  5  4  0 20  8  5  0 18  5  3  5  9 22  5
 18  0  4 15 23 14  0 25 15 21 22  5  0 23 18  9 20 20  5 14  0  2 12  1  3
 11  0  4 15  7  0  9  4  1  0 19  1  9  4  0  8  5  0 12 15 15 11  5  4  0
  1  3 18 15 19 19  0  1 20  0  8  5 18  0  9 20  0 20 15 15 11  0  8  9 13
  0  1  0 13 15 13  5 14 20  0 20 15  0 21 14  4  5 18 19 20  1 14  4  0  2
 12  1  3 11  0  4 15  7  0  8  5  0 19  1  9  4  0  1 14  4  0 20  8  5 14
  0 12  1 21  7  8  5  4  0  8 15  1 18 19  5  0  1 14  4  0  8 15 12 12 15
 23  0 23  8  1 20  0 23  1 19  0  9  0 20  8  9 14 11  9 14  7  0 15  6  0
  2 12  1  3 11  0  4 15  7  0  9 14  4  5  5  4  0 20  8  1 20  0 13  5  1
 14 19  0  3  1 18  5  0  9  4  1  0 19  1  9  4  0 23  5 12 12  0  8  5  0
  2  1 18 11  5  4  0 23  9 20  8  0 21 14  3 15 14 22  9 14  3  9 14  7  0
  7  5 14  9  1 12  9 20 25  0 23  5 22  5  0  1 12 23  1 25 19  0 19 15 13
  5 20  8  9 14  7  0 20 15  0 23 15 18 18 25  0  1  2 15 21 20  0 20  8  5
  0 20  5 12  5 16  8 15 14  5  0 18  1 14  7  0  1  7  1  9 14  0 10  9 13
  0 20  1 20  5  0 12 15 15 11  5  4  0  1 19  0  9  6  0  9 20  0 13  9  7
  8 20  0 19 20  9 14  7  0  8  9 13  0 25 15 21 18  5  0  2 21 19 25  0  9
  4  1  0 19  1  9  4  0  9 12 12  0  2  5  0  7 15  9 14  7  0 23  8  5 14
  0 19  8  5  0 23  5 14 20  0 15 21 20  0  9 14 20 15  0 20  8  5  0 19 20
 18  5  5 20  0 19  8  5  0 12 15 15 11  5  4  0 20  8  9 19  0 23  1 25  0
  1 14  4  0 20  8  1 20  0 20 15  0 19  5  5  0  9  6  0 19  8  5  0  3 15
 21 12  4  0 19  5  5  0  1 14 25  0  3  1 21 19  5  0  6 15 18  0 10  9 13
  0 20  1 20  5 19  0 21 14  5  1 19  9 14  5 19 19  0  2 21 20  0 20  8  5
 18  5  0 23  1 19  0 14 15 20  8  9 14  7  0 22  9 19  9  2 12  5  0 10 21
 19 20  0  2 18  9  7  8 20 15 14  0  1  2 15 21 20  0  9 20 19  0 15 23 14
  0  2 21 19  9 14  5 19 19  0 15 14  0  1  0  2  5  1 21 20  9  6 21 12  0
  4  1 25  0  9  4  1  0 23  5 14 20  0  9 14 20 15  0  1  0 16 21  2  0  1
 14  4  0  8  1  4  0  1  0  7 12  1 19 19  0 15  6  0  4 15 21 18 15  0 16
 15 18 20  0  9 20  0 23  5 14 20  0  4 15 23 14  0 19 23  5  5 20  0  1 14
  4  0 23  1 18 13  0  1 14  4  0  8  5  1 22 25  0 19  8  5  0  8  1  4  0
  1 14 15 20  8  5 18  0 23  8 15 19  0 13 18  0  3 15 12 12  5 15 14  9  0
 19  8  5  0 19  1  9  4  0 20 15  0 20  8  5  0  2  1 18 13  1 14  0 25 15
 21  0  4 15 14 20  0 11 14 15 23  0 23  8 15  0  3 15 12 12  5 15 14  9  0
  9 19  0  9  0 14  5 22  5 18  0  8  5  1 18  4  0 15  6  0  8  9 13  0 20
  9 12 12  0 10 21 19 20  0 14 15 23  0 20  8  5  0  2  1 18 13  1 14  0 19
  1  9  4  0  8  5 19  0 20  1 11  9 14  7  0 15 22  5 18  0  6 18 15 13  0
 11  9 20  5  0 23  8 15 19  0 11  9 20  5  0 23  8 15  0 23  1 19  0 11  9
 20  5  0 25 15 21  0 19  1 23  0  8 15 23  0  8  5  0  7 15 20  0  3 18 15
  1 11  5  4  0  1 20  0 19 20  0 16  1 14  3 18  1 19  0 14 15  0  9  0  4
 15 14 20  0 19 21 16 16 15 19  5  0 20  8  5 25  0 13  5  1 14 20  0 20 15
  0  4 15  0  9 20  0 20  8  5  0  2  1 18 13  1 14  0 19  1  9  4  0 20  8
  5 25  0 10 21 19 20  0 13  5  1 14 20  0 20 15  0  3  1 18 22  5  0  8  9
 13  0 21 16  0  2 21 20  0  1  0 18  1 26 15 18  0 19 12  9 16 16  5  4  0
  8  1 22  5  0  1  0  4 18  9 14 11  0 20  8  1 14 11 19  0  9 12 12  0  8
  1 22  5  0  1  0  7  9 14  0  3  8  5  5 18 25 15  0  3  8  5  5 18 25 15
  0  9  0  8  1  4 14 20  0  8  5  1 18  4  0  1 12 12  0 20  8  9 19  0  9
  4  1  0 19  1  9  4  0 19  8  5  0 12 15 15 11  5  4  0 15 22  5 18  0  8
  9 19  0 19  8 15 21 12  4  5 18  0  1 20  0 20  8  5  0  3 12 15  3 11  0
 14 15 20  8  9 14  7  0 20 15  0  4 15  0 20  9 12 12  0 15 14  5  0 19  8
  5  0 13  9  7  8 20  0  1 19  0 23  5 12 12  0  8  1 22  5  0  1 14 15 20
  8  5 18  0  1 14  4  0  7 15 19 19  9 16  0  1 23  8  9 12  5  0  7  9 22
  5  0 13  5  0  1 14 15 20  8  5 18  0 16 15 18 20  0 23  8  5 14  0  4  9
  4  0  1 12 12  0 20  8  9 19  0  8  1 16 16  5 14  0 15  8  0  2  5  6 15
 18  5  0 23  8  9 20 19 21 14  0 20  8  5  0 23 15 18  4  0 23  8  9 20 19
 21 14  0  1 12 23  1 25 19  0  3  1 21  7  8 20  0  8  5 18  0  5  1 18  0
 14 15 23  0  9 20  0 13  5  1 14 20  0  1  0 12 15 20  0 15  6  0 20  8  9
 14  7 19  0  1  0  7 18 21  2  2 25  0 20  5 14 19  8  9 12 12  9 14  7 14
 15 20  5  0 20  8  5  0 23  8  9 20  5  0 19 20  5 16 19  0  4 15 23 14  0
 20 15  0 20  8  5  0 12  1  4  9  5 19  0 20 18  1  7  5  4 25  0  9 14  0
  3  1 16  9 20  1 12  0 12  5 20 20  5 18 19  0  1 14  4  0 23  8  1 20  0
  1  2 15 21 20  0 11  9 20  5 19  0  6 18  9  5 14  4 19  0 19  8  5  0 19
  1  9  4  0 20  8  5 25  0  4 15 14 20  0 19 20  1 14  4  0  1  0  3  8  1
 14  3  5  0 14 15 23  0 11  9 20  5 19  0  4  5  1  4  0 20  8  5  0 13 15
  2 19  0  7 15 20  0 14 15  0 12  5  1  4  5 18  0 23  8 25  0 20  8  5 25
  0 20  1  7  0 18 15 21 14  4  0  1  6 20  5 18  0  1  0 11  9  4  0 15  6
  0 19  5 22  5 14 20  5  5 14  0 23  8  1 20 19  0  1  0 11  9  4  0 12  9
 11  5  0 20  8  1 20  0  7 15  9 14  7  0 20 15  0  4 15  0  1  7  1  9 14
 19 20  0  3 15 12 12  5 15 14  9  0  8  5  0  2  5 14 20  0  1  3 18 15 19
 19  0 20  8  5  0  2  1 18  0  1 14  4  0 23  8  9 19 16  5 18  5  4  0  8
  5  0  3 21 20  0 21 16  0  2 18  5 23  5 18  0 12  1 19 20  0 14  9  7  8
 20  0 23  8 15  0  3 15 12 12  5 15 14  9  0 14 15  0 20  8  5  0 11  9  4
  0  9  0  4 21 14 14 15  0 23  8 15  0  2 18  5 23  5 18  0  9 19  0  9  4
  1  0 19  1  9  4  0  2 21 20  0 20  8  9 14  7 19  0 19  5  5 13  0 12  9
 22  5 12 25  0 25 15 21  0 23  1  9 20  0 20  9 12 12  0 20  8  5  0 18  1
  3  5 19  0 19 20  1 18 20  0 20  8  5  0 13  1 14  0 19  1  9  4  0 20  8
  5 25 12 12  0  2  5  0 12  9 22  5 12 25  0  1 12 12  0 18  9  7  8 20  0
 20  8  5 14  0  3 15 12 12  5 15 14  9 19  0 15 21 20  0  6 15 18  0  1  0
 13 15 14 15 16 15 12 25  0 17 21  9  3 11  0 12 15 15 11  0 20  8 18 15 21
  7  8  0 20  8  5  0 23  9 14  4 15 23  0 20  8  5 18  5  0  1 14  4  0 25
 15 21 12 12  0 19  5  5  0  8  9 13  0  9  4  1  0 23  5 14 20  0 20 15  0
 20  8  5  0 23  9 14  4 15 23  0  1 14  4  0 12 15 15 11  5  4  0 15 21 20
  0  1 14  4  0  1  7  1  9 14  0 19  8  5  0 19  1 23  0 15 14 12 25  0 20
  8  5  0  2 18  9  7  8 20 15 14  0 19  8  5  0 11 14  5 23  0 19  8  5  0
  8  1  4 14 20  0 19  5  5 14  0  1 14 25 20  8  9 14  7  0  4  9  6  6  5
 18  5 14 20  0  5 22  5 14  0 20  8  5  0  4  1 25  0  6 18  5  4  0  4  9
  5  4  0 20 23 15  0  7  9 18 12 19  0  9 14  0  2  5  1  3  8  0 16 25 10
  1 13  1 19  0  1 18 13  9 14  1 18 13  0 20  8  5  0  2 21 19  5 19  0  7
 15  9 14  7  0  2 25  0 20 15  0 18 15 20 20  9 14  7  4  5  1 14  0  1  0
 13  1 14  0 19  5 12 12  9 14  7  0 16  1 16  5 18 19  0  1  0 23 15 13  1
 14  0 23  9 20  8  0  1  0 19  8 15 16 16  9 14  7  0  2  1 19 11  5 20  0
  1  0  2 15 25  0  9 14  0  1  0 19  8  1  2  2 25  0 19 21  9 20  0  1 14
  0  5 24  3 21 18 19  9 15 14  0 19 20  5  1 13  5 18  0  5  4  7  9 14  7
  0 15  6  6  0  6 18 15 13  0 20  8  5  0 16  9  5 18  0 23  8  9  3  8  0
 12  1 25  0 12 15 14  7  0 12 21 13  9 14 15 21 19  0  1 14  4  0 20 18  1
 14 19 16  1 18  5 14 20  0 12  9 11  5  0  1  0 19  8 18  9 13 16  0  9 14
  0 20  8  5  0 19 21 14  0 12  9  7  8 20  0 19  8  5  0 19  1  9  4  0  9
  0  4 15 14 20  0 19  5  5  0  1 14 25 15 14  5  0  8  5 19  0  7 15 14  5
  0 14 15 23  0 23  8 15  0  3 15 12 12  5  9 15 14  9  0 14 15  0 20  8  5
  0 11  9  4  0 15  8  0  9  4  1  0 19  1  9  4  0 20  8  1 20  0  2 15 25
  0  3 15 13  9 14  7  0  2  1  3 11  0 20 15  0 20  8  5  0  2  1 18  0  4
 18  9 14 11  9 14  7  0 21 16  0  8  5 18  0 16 15 18 20  0  9  0  2  5 20
  0  8  5 19  0 23 15 18 18  9  5  4  0 16 12  5 14 20 25  0  1  0 11  9  4
  0 12  9 11  5  0 20  8  1 20  0 15 21  7  8 20 14 20  0 20 15  0  2  5  0
 13  9 24  5  4  0 21 16  0 23  9 20  8  0 20  8  9 14  7 19  0  9  4  1  0
 19  1  9  4  0  9  6  0  8  5  0 23  1 19  0 13  9 14  5  0  9  4  0 10 21
 19 20  0 12  1 18 18 21 16  0  9 20  0 15 21 20  0 15  6  0  8  9 13  0 23
  9 20  8  0 20  8 15 19  5  0 23 15 18  4 19  0 19  8  5  0 23  1 19  0  1
  2 15 21 20  0 20 15  0  4  9 19 13  9 19 19  0  8  9 13  0 20 15  0 20 21
 18 14  0  8  5 18  0  1 20 20  5 14 20  9 15 14  0  1 23  1 25  0  6 18 15
 13  0  8  9 13  0 13 15 22  9 14  7  0  8  5 18  0 13  9 14  4  0 15 14  0
  9 20  0  1 24  9 19  0 12  9 11  5  0  1  0  7 18  5  1 20  0 19 20  5  5
 12  0  4 18  5  4  7  5 18  0 23  8  5 14  0 19  8  5  0 18  5 13  5 13  2
  5 18  5  4  0  1  0  6  1  3  5  0  9 14  0  1  0  2  1 18  0 19  5  5 14
  0 15 22  5 18  0  6 18  5  4 19  0 19  8 15 21 12  4  5 18  0 20  8  5  0
 19 15 21 14  4  0 15  6  0  1  0  7 12  1 19 19  0  2 18  5  1 11  9 14  7
  0 20  8  5  0  7  5 14 20 12  5 13  1 14  0 23  9 12 12  0 16  1 25  0 19
  8  5  0  8  1  4  0  1  0 18 15 25  1 12  0 13  5 13 15 18 25  0 25 15 21
  0  5 22  5 18  0  3 15 13  5  0  1  3 18 15 19 19  0 20  8  9 19  0 11 15
 12 12  5 25  0 11  9  2  2  5 18  0 19  8  5  0  1 19 11  5  4  0 14 15  0
 19 21  3  8  0 12 21  3 11  0 20  8  5  0  2  1 18 13  1 14  0 19  1  9  4
  0  9 20  0 19  5  5 13  5  4  0 15  4  4  0  8  9 19  0  4 25  9 14  7  0
 12  9 11  5  0 20  8  1 20  0 13 21 19 20  0  8  1 22  5  0 13  1  4  5  0
  1  0  2  9 20  0 15  6  0  7 15 19 19  9 16  0 14 15 14  5  0  9  0  8  5
  1 18  4  0 15  6  0 20  8  5  0  2  1 18 13  1 14  0 19  1  9  4  0  8  5
  0 23  1 19 14 20  0  1  0  2 18  9  7  8 20 15 14  0 13  1 14  0 14 15  0
 15 14  5  0 11 14  5 23  0  8  9 13  0 18 15 21 14  4  0 20  8  5 19  5  0
 16  1 18 20 19  0  8  5  0 23  1 19  0  1  0 19 20 18  1 14  7  5 18  0  1
  0 19 20 18  1 14  7  5 18  0 20  8  5  0 23 15 18  4  0 13  5  1 14 20  0
 14 15 20  8  9 14  7  0 20 15  0  8  5 18  0 20  8  5 18  5  0 23  1 19  0
 14 15  0 16 12  1  3  5  0  9 14  0 20  8  5  0 23 15 18 12  4  0 23  8  5
 18  5  0 19  8  5  0  6  5 12 20  0  1  0 19 20 18  1 14  7  5 18  0 19  8
  5  0  3  9 18  3 21 12  1 20  5  4  0 20  8  5  0  4 18  5  7 19  0 15  6
  0 20  8  5  0  3  8  5  1 16  0 16 15 18 20  0  9 14  0  8  5 18  0  7 12
  1 19 19  0  1 14  4  0 18  5 13  1 18 11  5  4  0 20 15  0 14 15  0 15 14
  5  0  9 14  0 16  1 18 20  9  3 21 12  1 18  0  9 20 19  0  1  0  7 15 15
  4  0 12  9  6  5  0 20  8  5 18  5  0 23  1 19  0 14 15 20  8  9 14  7  0
 23  9 20  8  0 23  8  9  3  8  0 19  8  5  0  4  9  4 14 20  0  3 12  1  9
 13  0 11  9 14 19  8  9 16  0 20  8  5  0  1  4 22  5 18 20  9 19  9 14  7
  0 13  9 18 18 15 18  0  2  5  8  9 14  4  0 20  8  5  0  2  1 18 13  1 14
 19  0  2  1  3 11  0  6 12  1 19  8  5  4  0  8  5 18  0 15 23 14  0  9 13
  1  7  5  0  1 20  0  8  5 18  0 20  8  5  0  2  5  1  3  8  0  7  9 18 12
 19  0 23  5 14 20  0  7  9  7  7 12  9 14  7  0  1  3 18 15 19 19  0 20  8
  5  0 16  1 18  1  4  5  0 20  8  5  0  7 15 14  7  0  2  5  1 20  0 15 14
  0 20  8  5  0 19 20  5  1 13  5 18  0  6 15 18  0  2 15 21 12 15  7 14  5
  0  9 20  0 23  1 19  0  1  0  7 15 15  4  0 12  9  6  5  0 15 14 12 25  0
 20  8  5  0  4  1 18 11 14  5 19 19  0  9 14  0 23  8  9  3  8  0 20  8  5
  0  2 15 25  0 23  1 12 11  5  4  0  7 15  9 14  7  0  6 18 15 13  0  6 18
  1 14 11 19  0  7 15  9 14  7  0  2  1  3 11  0 20 15  0  6 18  1 14 11 19
  0 23  1 19  0  1 12  9  5 14  0 20 15  0  8  5 18  0 19  8  5  0  8  1  4
  0 14 15  0 16  9 20 25  0  6 15 18  0 19 15 13  5 20  8  9 14  7  0 19  8
  5  0  4  9  4 14 20  0 21 14  4  5 18 19 20  1 14  4  0 19  8  5  0 19  1
  9  4  0  9 12 12  0  2  5  0  7  5 20 20  9 14  7  0 15 14  0  9 20  0 23
  1 19 14 20  0 15 14  5  0 25  5 20  0  2 21 20  0 20  8  5 18  5  0 23  5
 18  5  0 17 21  5 19 20  9 15 14 19  0 19  8  5  0 23  1 14 20  5  4  0 20
 15  0  1 19 11  0  2  5  6 15 18  5  0 13 18  0  3 15 18 11  5 18 25  0  1
 18 18  9 22  5  4  0 19  8  5  0 19  1  9  4  0 20 15  0 20  8  5  0  6  9
 18 19 20  0 23  1  9 20 18  5 19 19  0 19  8  5  0 19  1 23  0  1 18  5  0
 25 15 21  0 20  8  5  0 12 21  3 11 25  0 15 14  5  0 14 15 20  0 20  8  1
 20  0  9  0 11 14 15 23  0 15  6  0 20  8  5  0 23  1  9 20 18  5 19 19  0
 19  1  9  4  0  3 15 12  4 12 25  0  9  0 13  5  1 14  0 20  8  5  0 15 14
  5  0 23  8 15  0  6 15 21 14  4  0 20  8  5  0  3  1 18  4  0 20  8  5  0
 11 15 12 12  5 25  0 11  9  2  2  5 18  0  3  1 18  4  0 15  8  0 20  8  1
 20  0 23  1 19  0  8  5 18  0 20  8  5  0 23  1  9 20 18  5 19 19  0 19  1
  9  4  0 14 15  4  4  9 14  7  0  1  0 16 15  9 14 20  5  4  0 16 15 23  4
  5 18  5  4  0  3 15 14 20  5 13 16 20 21 15 21 19  0  3  8  9 14  0  9  4
  1  0  3  8  1 14  7  5  4  0  8  5 18  0 20  1  2 12  5  0 19  8  5  0 19
  1  9  4  0  9 22  5  0  7 15 20  0  1  0  6 18  9  5 14  4  0  3 15 13  9
 14  7  0  9 12 12  0  8  1 22  5  0 20 15  0 23  1  9 20  0  6 15 18  0  8
  9 13  0  2 21 20  0  9 12 12  0 20 18 25  0 20 15  0 16  9  3 11  0  9 19
  0 20  8  5  0 19  8  5 16  8  5 18  4 19  0 16  9  5  0  7 15 15  4  0  9
 20  0 12 15 15 11 19  0 12 15 22  5 12 25  0 14  9  3  5  0  1 14  4  0  2
 18 15 23 14  0 15 14  0 20 15 16  0  9 20 19  0  1  0 16  9  3 20 21 18  5
  0 23  8  1 20 19  0 25 15 21 18  0 14  1 13  5  0  4  5  1 18  0 18 15 19
  5  0 23  8 25  0  9  0  4 15  0  2  5 12  9  5 22  5  0  9  4  1  0 19  1
  9  4  0 25 15 21  0 23  5 18  5  0 20  8  5  0 12 21  3 11 25  0 15 14  5
  0 23  8 15  0  6 15 21 14  4  0  1  0  3  1 18  4  0  4  9  4  0 20  8  5
 25  0 20  5 12 12  0 25 15 21  0 20  8  1 20  0 18 15 19  5  0 19  1  9  4
  0 20  8  5 25  0  8  1 22  5 14 20  0  6 15 18  7  9 22  5 14  0 13  5  0
 20  8  5 25  0 20  8  9 14 11  0  9  0  4  9  4 14 20  0 15 21  7  8 20  0
 20 15  0  2  5  0 12 21  3 11 25  0 12  9 11  5  0 20  8  1 20  0 13 25  0
  6  9 18 19 20  0  4  1 25  0 25 15 21 18  0  6  9 18 19 20  0  4  1 25  0
 20  8  1 20  0 23  1 19  0  1  0  2  9 20  0 15  6  0 12 21  3 11  0 25 15
 21  0 23 15 14 20  0  6 15 18  7  5 20  0 20  8  1 20  0  4  1 25  0  9 14
  0  1  0  8 21 18 18 25  0 14 15  0 18 15 19  5  0 19  1  9  4  0  9 12 12
  0 18  5 13  5 13  2  5 18  0 20  8  1 20  0  1 12 23  1 25 19  0  9  0 13
 21 19 20 14 20  0 11  5  5 16  0 25 15 21  0  8  5 18  5  0 20  1 12 11  9
 14  7  0  9  6  0 25 15 21  0 15 14 12 25  0 23 15 21 12  4  0  9  6  0 25
 15 21  4  0 19 15 18 20  0 15  6  0 12 15 15 11  0  1 19  0  9  6  0 25 15
 21  0 23  1 19  0 15 18  4  5 18  9 14  7  0 20  8  9 14  7 19  0 20  8  5
 18  5 19  0 14 15  0 15 14  5  0  5 12 19  5  0 23  1 14 20 19  0 20 15  0
  2  5  0  1 20 20  5 14  4  5  4  0 20 15  0  1 14  4  0  9 13  0 18  5  1
  4 25  0 20 15  0  4 18 15 16  0 23  9 20  8  0 20  8  5 19  5  0 20 18  1
 25 19  0 25 15 21  0  4 15 14 20  0 12  9 11  5  0 20  8  5  0 10 15  2  0
 15  8  0 18 15 19  5  0 19  1  9  4  0 17 21  9  3 11 12 25  0  9  0  4  9
  4 14 20  0 19  1 25  0 20  8  1 20  0  9 20 19  0  1  0  7 15 15  4  0 10
 15  2  0  9  0 23 15 21 12  4 14 20  0  8  1 22  5  0  1 14 25 20  8  9 14
  7  0  4  9  6  6  5 18  5 14 20  0  6 15 18  0 20  8  5  0 23 15 18 12  4
  0  9  0 23 15 21 12  4 14 20  0  2  5  0  9 14  0  1  0  8 15 20  5 12  0
 15 18  0  9 14  0  3  8  5 19 19 13  1 14 19  0 14 15 20  0  9  6  0 20  8
  5 25  0 16  1  9  4  0 13  5  0 20 23  9  3  5  0  1 19  0 13 21  3  8  0
  9 20 19  0  5 12  5  7  1 14 20  0  8  5 18  5  0 18 15 19  5  0 19  1  9
  4  0  7  1 26  9 14  7  0 15 22  5 18  0 20  8  5  0 23  1 19 20  5  0 15
  6  0  7 18  5  5 14 16  1  9 14 20  5  4  0 20  1  2 12  5 19  0 20  8  5
  0  4  1  6  6 15  4  9 12 19  0 20  8  5  0 16  1 16  5 18  0 14  1 16 11
  9 14 19  0 20  8  5  0 19  1 21  3  5  0  2 15 20 20 12  5 19  0  1 18  5
  0 25 15 21  0  1  0 12 15  3  1 12  0  9 22  5  0  1 12 23  1 25 19  0 12
  9 22  5  4  0  8  5 18  5  0  1 12 12  0 13 25  0 12  9  6  5  0 18 15 19
  5  0 19  1  9  4  0  9 14  0 14  5 12 19 15 14  0 16 12  1  3  5  0 20  8
  9 19  0  9 19  0  1  0  6  9 14  5  0 19  9 20 21  1 20  9 15 14  0  6 15
 18  0 13  5  0  2  5  3  1 21 19  5  0 20  8  5 25  0  8  1 22  5  0 21 19
  0 19 12  5  5 16  0  9 14  0 20  8  5 18  5 19  0 15 14 12 25  0 20  8 18
  5  5  0 15  6  0 21 19  0  9 14  0 13 25  0 18 15 15 13  0  1 14  4  0 23
  5  0  8  1 22  5  0 20 23 15  0 12 15 15 11  9 14  7  7 12  1 19 19  5 19
  0  8 15 23  0 15 12  4  0  1 18  5  0 25 15 21  0 18 15 19  5  0 12  5  1
 14 20  0  7 18  1 20  5  6 21 12 12 25  0  1  3 18 15 19 19  0 20  8  5  0
 20  1  2 12  5  0 19  9 24 20  5  5 14  0 19  8  5  0 19  1  9  4  0  9  0
  4 15 14 20  0 20  5 12 12  0 20  8  5 14  0 20  8  1 20  0  9  0 19  1 25
  0 19  5 22  5 14 20  5  5 14  0 20  8  5 25  4  0 19  1 25  0  9  0 23  1
 19 14 20  0 15 12  4  0  5 14 15 21  7  8  0  9  6  0 20  8  5 25  0 11 14
  5 23  0 20  8  5 25  4  0 19  5 14  4  0 13  5  0 19  8  5  0  8  5 19  9
 20  1 20  5  4  0  1  0 12 15 14  7  0 23  8  9 12  5  0  1 20  0 20  8  5
  0  7 18  9 13  0 23 15 18  4  0  8 15 13  5  0 25 15 21  0 13 21 19 20  0
  8  1 22  5  0  2  5  5 14  0  7 12  1  4  0  9  4  1  0 19  1  9  4  0 23
  8  5 14  0 25 15 21  0  6 15 21 14  4  0 20  8  1 20  0  3  1 18  4  0 15
  8  0  9  0 23  1 19  0  4 15  0 25 15 21  0 20  8  9 14 11  0  9  0  3 15
 21 12  4  0  8  1 22  5  0  1  0  7 12  1 19 19  0 15  6  0 19 20 15 21 20
  0  4  5  1 18  0 23  5  0  8  1 22  5  0 20 15  0 19  5 14  4  0 15 21 20
  0 18 15 19  5  0 19  1  9  4  0  9  6  0 25 15 21  0  7  9 22  5  0 13  5
  0 20  8  5  0 13 15 14  5 25  0  9  4  1  0 15 16  5 14  5  4  0  8  5 18
  0 16 21 18 19  5  0  9  0  4 15 14 20  0 19 21 16 16 15 19  5  0 25 15 21
 12 12  0  5 22  5 18  0  6 15 18  7  5 20  0 20  8  5  0 12  9 20 20 12  5
  0  6  5 12 12 15 23  0 15  8  0  8  5  0 23  1 19 14 20  0 19 15  0 18 15
 19  5  0  2  5  7  1 14  0  1 14  4  0 19 21  4  4  5 14 12 25  0 19 20 15
 16 16  5  4  0 19 20  1 18  9 14  7  0 15 21 20  0 20  8 18 15 21  7  8  0
 19 14 15 23 19  0 23  9 14  4 15 23  0  1  3 18 15 19 19  0 20  8  5  0 16
  1 18  1  4  5  0 20 15  0 20  8  5  0 16  9  5 18  0  8  5  0 23  1 19 14
 20  0 23  8  1 20  0  9  4  1  0 19  1  9  4  0 23  8  1 20  0 23  1 19  0
  9 20  0 25 15 21  0 23  5 18  5  0  7 15  9 14  7  0 20 15  0 19  1 25  0
  9  0  4 15 14 20  0 18  5 13  5 13  2  5 18  0 18 15 19  5  0 19  1  9  4
  0  9  0 10 21 19 20  0  1 19 11  5  4  0  9  6  0 25 15 21  4  0  5 22  5
 18  0  6 15 18  7  5 20  0 20  8  5  0 12  9 20 20 12  5  0  6  5 12 12 15
 23  0  9 20 19  0  7 15 14  5  0 15 21 20  0 15  6  0 13 25  0  8  5  1  4
  0 18 15 19  5  0 19  1  9  4  0  9 12 12  0  7  5 20  0 25 15 21 18  0  4
 18  9 14 11  0  4 15  5 19  0  9 20  0  3 15 19 20  0  1 12 12  0 20  8  1
 20  0  1  0  7 12  1 19 19  0 15  6  0 19 20 15 21 20  0 19  8  5  0  1 19
 11  5  4  0 16  9  3 11  9 14  7  0 21 16  0 20  8  5  0 20 23 15  0 19  8
  9 12 12  9 14  7  0 16  9  5  3  5 19  0 15 14  5  0 15  6  0 20  8  5 13
 19  0  6 15 18  0 25 15 21  0  4  5  1 18  0  9  4  1  0 19  1  9  4  0  9
 13  0  9 14 17 21  9 19  9 20  9 22  5  0  9  0  3  1 14 20  0  8  5 12 16
  0  9 20  0  9 13  0 13  1  4  5  0 20  8  1 20  0 23  1 25  0 20  5 12 12
  0 13  5  0  8 15 23  0  8  5  0 12 15 15 11  5  4  0  9  0  4 15 14 20  0
 11 14 15 23  0  9  0  3  1 14 20  0 18  5 13  5 13  2  5 18  0  9  0  8  1
 22  5 14 20  0  7 15 20  0  1 14 25  0 13  5 13 15 18 25  0  6 15 18  0  6
  1  3  5 19  0 25 15 21  0  3  1 14 20  0  8  1 22  5  0  3  1 14  0 25 15
 21  0  4  5  1 18  0 15 18  0 25 15 21  4  0  8  1 22  5  0  3  8  1 12 12
  5 14  7  5  4  0  8  9 13  0 25 15 21  0 13 21 19 20  0  8  1 22  5  0 19
  5  5 14  0  8  9 19  0 16  9  3 20 21 18  5  0  9 14  0 20  8  5  0 16  1
 16  5 18 19  0  9  0 11 14 15 23  0  9 13  0 19  9 12 12 25  0 20  8  1 20
  0 23  1 25  0 19  8  5  0 19 20 15 15  4  0 20  8  5 18  5  0 16  1 12  5
  0  1 14  4  0  4  5 20  5 18 13  9 14  5  4  0  1 14  4  0 15 21 20  0 15
  6  0  2 18  5  1 20  8  0  1 14  4  0  7 21  9 12 20 25  0  1 14  4  0 20
  8  5 14  0  9 20  0 23 15 21 12  4  0  8  1 22  5  0  2  5  5 14  0 20  5
 14  0 16 15 21 14  4 19  0 14 15 20  0 20  5 14  0 19  8  9 12 12  9 14  7
 19  0  9 12 12  0  7  5 20  0 25 15 21 18  0  4 18  9 14 11  0 16  5 18  8
  1 16 19  0  9 12 12  0 23  1  9 20  0  1  6 20  5 18  0  1 12 12  0 20  8
  5  0  7  5 14 20 12  5 13  1 14  0 23  8 15 19  0  7  9 22  9 14  7  0 13
  5  0 12 21 14  3  8  0  8  5  0  3  1 14  0 16  1 25  0  9  4  1  0 16  9
  3 11  5  4  0 21 16  0 20  8  5  0 19  8  9 12 12  9 14  7 19  0  1  7  1
  9 14  0  1 14  4  0 18 15 19  5 19  0  5 25  5 19  0  6 15 12 12 15 23  5
  4  0  8  5 18  0  8  1 14  4  0  2  1  3 11  0 20 15  0  8  5 18  0  2  1
  7  0 23  1 19 20  5  0 14 15 20  0 23  1 14 20  0 14 15 20  0  9  4  1  0
 19  1  9  4  0  7  5 14 20 12 25  0 20  1 11  9 14  7  0  9 14  0 20  8  5
  0  4  5 20  1  9 12 19  0 15  6  0 20  8  5  0  2 15 14 25  0  6  1  3  5
  0 20  8  5  0 12  1 18  7  5  0 13 15 21 20  8  0 20  8  5  0  5 25  5 19
  0 20 15 15  0  6  1 18  0  1 16  1 18 20  0 20  8  5  0 16  1 12 12 15 18
  0 20  8  5  0  9 13 13  1 20 21 18  5  0  2 15  4 25  0  1 14  4  0 20  8
  5 14  0 19 21  4  4  5 14 12 25  0 19  8  5  0 23  1 19  0 12 15 21  4  0
  1 14  4  0  3  8  5  5 18  6 21 12  0  1  7  1  9 14  0  3  1 12 12  9 14
  7  0 15 21 20  0 16  8  9 12  0  3 15 18 11  5 18 25  0 16  8  9 12  0  3
 15 18 11  5 18 25  0 23  1 22  9 14  7  0  8  5 18  0  8  1 14  4  0 13 18
  0  3 15 18 11  5 18 25  0 23 15 18  5  0  1  0  2 12  1 26  5 18  0 23  9
 20  8  0  1  0  2  1  4  7  5  0  1 14  4  0  1  0 19 20  9  6  6  0  3 15
 12 12  1 18  0 21 14  4  5 18 14  5  1 20  8  0  8  5  0 12 15 15 11  5  4
  0  1 19  0  9  6  0  8  5  0 14  5  5  4  5  4  0  6  5  5  4  9 14  7  0
 21 16  0  1 19  0  9  6  0  8  5  0 23  1 19  0 23  1 19 20  5  4  0 23  9
 20  8  0 16  1 19 19  9 15 14 19  0  8  5  0  8  1  4  0 14  5 22  5 18  0
  8  1  4  0 20  8  5  0  3 15 21 18  1  7  5  0 20 15  0  5 24 16 18  5 19
 19  0  3  8  5  5 18  0 21 16  0 16  8  9 12  0 23  8  1 20  0  1 18  5  0
 25 15 21  0  8  1 22  9 14  7  0 19 20  5  1 11  0  1 14  4  0 11  9  4 14
  5 25  0 13 18  0  3 15 18 11  5 18 25  0 19  1  9  4  0  7 12 15 15 13  9
 12 25  0 23  1  9 20 18  5 19 19  0 23  5  0 23  1 14 20  0  1  0  4 18  9
 14 11  0 23  5  0  8  1 22  5  0 20 15  0 19  5 14  4  0 15 21 20  0 23  5
 12 12  0  9 14  0 20  8  1 20  0  3  1 19  5  0 13  1 11  5  0  9 20  0 20
 23 15  0 12  1 18  7  5  0  2 15 20 20 12  5 19  0 15  6  0  7 21  9 14 14
  5 19 19  0 13 18  0  3 15 18 11  5 18 25  0 19  1  9  4  0 23  8  5 14  0
 18 15 19  5  0  3  1 13  5  0  2  1  3 11  0  9  4  1  0  9 14 20 18 15  4
 21  3  5  4  0  8  5 18  0 20 15  0 13 18  0  3 15 18 11  5 18 25  0 20  8
  9 19  0  9 19  0 20  8  5  0 12 21  3 11 25  0  7  9 18 12  0 23  8 15  0
  6 15 21 14  4  0  1  0  3  1 18  4  0 18 15 19  5  0  2  1  3 11  5  4  0
  1 23  1 25  0  2 21 20  0  9  4  1  0  4  5 20  1  9 14  5  4  0  8  5 18
  0  7 18  1 19 16  9 14  7  0  6  9 18 13 12 25  0  8  5 18  0  2 12  1  3
 11  0  3 15 20 20 15 14  0 19 12  5  5 22  5  0  4  9  4  0  8  5  0  5  1
 20  0 13 21  3  8  0 19  8  5  0 19  1  9  4  0  9  0  4 15 14 20  0 18  5
 13  5 13  2  5 18  0  1  0 20  8  9 14  7  0 18 15 19  5  0 19  1  9  4  0
 18  5  1 12 12 25  0  9  0  4 15 14 20  0 20  8  5  9 18  0  6  1  3  5 19
  0  6 12 21 19  8  5  4  0  1  0 12  9 20 20 12  5  0 23  9 20  8  0 20  8
  5  0 23  1 18 13  0 19 21 13 13  5 18  0 19 21 14  0 23  5 18  5  0 12  9
 11  5  0 16 15 19 20  5 18 19  0  1 14 14 15 21 14  3  9 14  7  0  4  1 14
  7  5 18  0  4  9  4  0  8  5  0 12 15 15 11  0  9  4  1  0 19  1  9  4  0
  1 19  0  9  6  0  8  5  0 23  1 19  0  7 15  9 14  7  0 20 15  0  4  9  5
  0  8 15 23  0  3  1 14  0  9  0 20  5 12 12  0 18 15 19  5  0 19  1  9  4
  0  9  0 19 21 16 16 15 19  5  0 25 15 21  0 20  1 12 11  5  4  0 20 15  0
  8  9 13  0  9  0  4  9  4 14 20  0 20  1 12 11  0 20 15  0  8  9 13  0  9
  0 23  1 19  0 18 21 19  8  5  4  0  9  0 10 21 19 20  0  6  5 20  3  8  5
  4  0  8  9 13  0  1  0  2  1 19 19  0  1 14  4  0  1  0 19  1 21 19  1  7
  5 18 15 12 12  0  1 14  4  0  9  0 14  5 22  5 18  0 19  1 23  0  8  9 13
  0  1  7  1  9 14  0 19  8  5  0 19 14  1 20  3  8  5  4  0  8  5 18  0 19
 12  5  5 22  5  0  6 18 15 13  0  9  4  1 19  0  8  1 14  4  0  1 14  4  0
 23  1 19  0  7 15 14  5  0 25 15 21  0  3  1 14 20  0  7  5 20  0 13 21  3
  8  0  6 18 15 13  0  8  5 18  0 13 18  0  3 15 18 11  5 18 25  0 19  1  9
  4  0 15  8  0 25  5 19  0  9  0  3  1 14  0  9  4  1  0 19  1  9  4  0 13
 15 18  5  0 20  8  1 14  0  9  0  2  1 18  7  1  9 14  5  4  0  6 15 18  0
 23  8 25  0 23  8  1 20  5 22  5 18 19  0 23 18 15 14  7  0  9 20 19  0 23
  8  1 20  0 20  8  1 20  0  7  9 18 12  0 19  1  9  4  0 19  8  5  0  4  9
  4 14 20  0 19  1 25  0 13 21  3  8  0 19  8  5  0 19  1  9  4  0  5 14 15
 21  7  8  0  9  0  1 12 23  1 25 19  0  8  1  4  0  1  0  6  5  5 12  9 14
  7  0  9 20  0 23  1 19  0  6  9 19  8 25  0 25 15 21  0 19  5  5  0  8  5
  0 20 15 12  4  0 13  5  0  9 14  0 20  8  5  0 20  1 24  9  0  8  5  0 23
  1 19  0  4 25  9 14  7  0  1 14  4  0  9  0  2  5 12  9  5 22  5  4  0  8
  9 13  0  6 15 18  0  1  0 13 15 13  5 14 20  0  9 20  0  7  1 22  5  0 13
  5  0 17 21  9 20  5  0  1  0 20 21 18 14  0 20  9 12 12  0  8  5  0 20 15
 12  4  0 13  5  0  8  5  0 23  1 19  0 10 21 19 20  0 19 16  9 14 14  9 14
  7  0  1  0 20  1 12  5  0 23  5 12 12  0  8  5  0 23  1 19  0  4 25  9 14
  7  0  8  5  0  4  9  4 14 20  0 13  5  1 14  0  9 20  0 20  8  1 20  0 23
  1 25  0  9  0  8  1 22  5  0 13 25  0  9 14 19 20  9 14  3 20 19  0  1 14
 25 23  1 25  0 13 18  0  3 15 18 11  5 18 25  0 19  1  9  4  0 20  8  5 18
  5 19  0 20  8  5  0  5 22  9  4  5 14  3  5  0  8  5  0  4  9  5  4  0 14
  1 20 21 18  1 12  0  9  0  4 15 14 20  0 19  5  5  0  1 19  0 20  8  5 18
  5 19  0  1 14 25 20  8  9 14  7  0 20 15  0 23 15 18 18 25  0  1  2 15 21
 20  0  9 20 19  0  1  0  6  9 14  5  0  4  1 25  0  9  4  1  0 12  5 20 19
  0  7 15  0 15 14  0 20  8  5  0  2 18  9  7  8 20 15 14  0  2  5 12 12  5
  0  1 14  4  0 20  1 12 11  0  9 20  0 15 22  5 18  0 20  8  5 18  5  0 14
 15  0  3 12 15 19  9 14  7  0  8 15 21 18 19  0  1 20  0 19  5  1  0  1  6
 20  5 18  0  1 12 12  0  9  6  0  8  5  0  4  9  4  0 11  9 12 12  0  8  9
 13 19  5 12  6  0  9 20 19  0  8  9 19  0  2 21 19  9 14  5 19 19  0  9  6
  0  8  5  0 11  9 12 12  5  4  0  8  9 13 19  5 12  6  0  9  0  4  1  0 19
  1  9  4  0  8  5  0 23  1 19  0  4 18  9 22  5 14  0 20 15  0  9 20  0  9
  0  8  5  1 18  4  0 23  8  1 20  0 20  8  5  0  7  9 18 12  0 19  1  9  4
  0  1 14  4  0  9  0 11 14 15 23  0 20  8  9 19  0  9 20  0 23  1 19 14 20
  0  8  9 13  0 20  8  1 20  0 12  5  6 20  0 20  8  5  0 20  9  3 11  5 20
  0  8  5 18  5  0  7 15 15  4  0  7 15  4  0 13 18  0  3 15 18 11  5 18 25
  0 19  1  9  4  0 23  8  1 20  0  4 15  0 25 15 21  0 13  5  1 14  0 25 15
 21  0 15 21  7  8 20 14 20  0 20 15  0 20  1 12 11  0 12  9 11  5  0 20  8
  1 20  0  9 20 19  0  4  1 14  7  5 18 15 21 19  0  8  5  0 19 23  1 12 12
 15 23  5  4  0 14  5 18 22 15 21 19 12 25  0  1 14  4  0 20  8  5  0  1  4
  1 13 19  0  1 16 16 12  5  0  2 15  2  2  5  4  0 21 16  0  1 14  4  0  4
 15 23 14  0 21 14  4  5 18  0 20  8  5  0 19 11  9 14  0 15  6  0  8  9 19
  0 19  3 18  1 23 14 25  0 14  5  3 11  0  9 20 19  0  4  1 14  7  5 18 15
 21 19  0  1 12 12  0 18  9  7  8 20  0  9  4  1  0 19  1  9  4  0 23  1 20
  3  8  9 14  7  0 20  8  5  0 20  8  9 14  0 19  9 24 20  5  5 14 25  5  1
 18  0 15 12  4  0  2 15  4 25  0 19  8 18  9 14 11  0  2 25  0  9 14  0  9
 20 19  0  2 12  1  3 11  0  3 15 20 20 15 14  0  4 18  5 19 19  0  8  5  1
 18  9 14  7  0 20  8  5  0  3 12  9 14 11  0  3 12  9 14 11  0  3 12  9 14
-1
